81725346
20,17,8,5,2,11,23,14,26,7,4,1,19,22,16,13,10,25,6,21,0,18,15,12,3,9,24
13,4,16,1,10,7,22,19,25,15,6,21,0,9,18,3,12,24,14,2,8,20,17,23,5,11,26
1,13,16,4,10,19,22,7,25,0,9,15,6,18,21,3,12,24,20,17,23,8,5,11,14,2,26
15,0,21,6,18,9,12,3,24,4,10,16,22,1,19,13,7,25,14,8,23,5,2,11,17,20,26
4,1,13,22,19,7,10,16,25,18,6,12,9,0,3,21,15,24,2,8,17,5,11,23,14,20,26
19,1,22,4,10,13,16,7,25,0,9,6,15,18,3,21,12,24,8,2,23,17,5,20,14,11,26
20,17,23,11,2,5,14,8,26,3,18,15,12,6,21,0,9,24,1,19,13,10,4,22,16,7,25
20,11,17,2,23,14,5,8,26,15,9,3,18,12,0,6,21,24,4,10,13,1,19,16,22,7,25
-1,1,0,20,10,-2,-15,-1,-24,15,17,3,14,2,-4,-13,13,7,11,-7,-11,-22,24,-18,9,-21,18,-2,19,21,1,16,4,6,-3,-12,-23,-9,-17,-14,5,-19,-10,22,2,0,-20,-16,-6,-5,23,12,-8,8
6,22,-9,-12,19,-11,-14,1,10,9,18,2,-15,14,-19,0,24,-13,5,7,-4,-20,-17,-21,-16,-22,23,-10,4,21,1,20,3,16,11,-1,2,8,-2,12,15,-18,-23,-2,-1,-7,-24,17,0,13,-8,-5,-3,-6
-6,17,13,-10,15,-5,19,11,-4,1,-11,-18,20,-9,0,-19,2,-24,2,-16,-2,18,21,7,1,-15,-23,3,-1,22,-12,-1,23,0,6,8,-22,5,-3,4,12,-20,-17,-13,14,-7,10,-2,16,-21,9,24,-14,-8
-20,12,14,-6,-5,0,-15,21,-4,-3,4,19,13,-9,-12,7,8,11,17,-24,3,-19,-2,-14,2,1,-1,-10,23,-11,18,-1,-7,-18,0,-8,-16,24,-2,10,2,-17,5,1,15,-13,16,6,-23,9,-21,20,22,-22
-3,-8,9,14,-24,18,7,-9,-6,-11,11,5,-15,4,-4,-7,-17,-23,2,24,-16,21,-22,-1,-12,-14,-19,10,-21,-10,12,-2,1,20,17,-13,19,-20,23,0,13,-2,16,0,2,-1,15,-18,6,3,-5,1,22,8
-9,-8,-6,9,-11,2,17,15,-21,8,20,0,7,-20,-14,-4,6,0,-18,-23,10,-24,22,21,-2,2,19,12,23,-7,-19,-13,-15,-12,-17,18,16,3,24,11,-16,-3,-1,-22,5,4,14,-2,13,1,-10,-5,1,-1
-2,-8,20,7,-15,1,8,-3,-22,13,1,19,-12,-1,17,2,0,6,-6,-4,16,23,-21,-23,-14,0,18,24,14,2,-7,-9,-20,15,-2,9,11,-5,3,10,-17,-13,4,-10,-1,12,-16,5,-11,-19,-24,21,22,-18
-1,-16,-12,4,-23,11,-9,7,-19,-14,-6,6,-4,-2,20,-20,-22,16,1,-18,24,18,-3,2,-24,17,-15,-1,14,12,22,0,-5,5,-10,23,2,15,9,-13,19,-17,13,10,-11,0,8,21,-21,-7,-8,3,-2,1
